{
    "sfm_data_version": "0.1",
    "root_path": "/home/kitware/SfM/Data/Castle/images",
    "views": [
        {
            "key": 0,
            "value": {
                "ptr_wrapper": {
                    "id": 2147483649,
                    "data": {
                        "local_path": "/",
                        "filename": "100_7100.JPG",
                        "width": 2832,
                        "height": 2128,
                        "id_view": 0,
                        "id_intrinsic": 0,
                        "id_pose": 0
                    }
                }
            }
        },
        {
            "key": 1,
            "value": {
                "ptr_wrapper": {
                    "id": 2147483650,
                    "data": {
                        "local_path": "/",
                        "filename": "100_7101.JPG",
                        "width": 2832,
                        "height": 2128,
                        "id_view": 1,
                        "id_intrinsic": 0,
                        "id_pose": 1
                    }
                }
            }
        },
        {
            "key": 2,
            "value": {
                "ptr_wrapper": {
                    "id": 2147483651,
                    "data": {
                        "local_path": "/",
                        "filename": "100_7102.JPG",
                        "width": 2832,
                        "height": 2128,
                        "id_view": 2,
                        "id_intrinsic": 0,
                        "id_pose": 2
                    }
                }
            }
        },
        {
            "key": 3,
            "value": {
                "ptr_wrapper": {
                    "id": 2147483652,
                    "data": {
                        "local_path": "/",
                        "filename": "100_7103.JPG",
                        "width": 2832,
                        "height": 2128,
                        "id_view": 3,
                        "id_intrinsic": 0,
                        "id_pose": 3
                    }
                }
            }
        },
        {
            "key": 4,
            "value": {
                "ptr_wrapper": {
                    "id": 2147483653,
                    "data": {
                        "local_path": "/",
                        "filename": "100_7104.JPG",
                        "width": 2832,
                        "height": 2128,
                        "id_view": 4,
                        "id_intrinsic": 0,
                        "id_pose": 4
                    }
                }
            }
        },
        {
            "key": 5,
            "value": {
                "ptr_wrapper": {
                    "id": 2147483654,
                    "data": {
                        "local_path": "/",
                        "filename": "100_7105.JPG",
                        "width": 2832,
                        "height": 2128,
                        "id_view": 5,
                        "id_intrinsic": 0,
                        "id_pose": 5
                    }
                }
            }
        },
        {
            "key": 6,
            "value": {
                "ptr_wrapper": {
                    "id": 2147483655,
                    "data": {
                        "local_path": "/",
                        "filename": "100_7106.JPG",
                        "width": 2832,
                        "height": 2128,
                        "id_view": 6,
                        "id_intrinsic": 0,
                        "id_pose": 6
                    }
                }
            }
        },
        {
            "key": 7,
            "value": {
                "ptr_wrapper": {
                    "id": 2147483656,
                    "data": {
                        "local_path": "/",
                        "filename": "100_7107.JPG",
                        "width": 2832,
                        "height": 2128,
                        "id_view": 7,
                        "id_intrinsic": 0,
                        "id_pose": 7
                    }
                }
            }
        },
        {
            "key": 8,
            "value": {
                "ptr_wrapper": {
                    "id": 2147483657,
                    "data": {
                        "local_path": "/",
                        "filename": "100_7108.JPG",
                        "width": 2832,
                        "height": 2128,
                        "id_view": 8,
                        "id_intrinsic": 0,
                        "id_pose": 8
                    }
                }
            }
        },
        {
            "key": 9,
            "value": {
                "ptr_wrapper": {
                    "id": 2147483658,
                    "data": {
                        "local_path": "/",
                        "filename": "100_7109.JPG",
                        "width": 2832,
                        "height": 2128,
                        "id_view": 9,
                        "id_intrinsic": 0,
                        "id_pose": 9
                    }
                }
            }
        },
        {
            "key": 10,
            "value": {
                "ptr_wrapper": {
                    "id": 2147483659,
                    "data": {
                        "local_path": "/",
                        "filename": "100_7110.JPG",
                        "width": 2832,
                        "height": 2128,
                        "id_view": 10,
                        "id_intrinsic": 0,
                        "id_pose": 10
                    }
                }
            }
        }
    ],
    "intrinsics": [
        {
            "key": 0,
            "value": {
                "polymorphic_id": 2147483649,
                "polymorphic_name": "pinhole_radial_k3",
                "ptr_wrapper": {
                    "id": 2147483660,
                    "data": {
                        "width": 2832,
                        "height": 2128,
                        "focal_length": 2989.7877884089862,
                        "principal_point": [
                            1466.6471287096126,
                            1106.6619286802882
                        ],
                        "disto_k3": [
                            -0.24850421968140299,
                            0.27231133564512533,
                            0.13343111812941263
                        ]
                    }
                }
            }
        }
    ],
    "extrinsics": [
        {
            "key": 0,
            "value": {
                "rotation": [
                    [
                        0.96769607556597659,
                        -0.043708252464654297,
                        -0.24830202174105184
                    ],
                    [
                        0.058120144897119357,
                        0.99700565970275301,
                        0.05100748256693402
                    ],
                    [
                        0.2453290730658427,
                        -0.063791090186359631,
                        0.96733879417786717
                    ]
                ],
                "center": [
                    -4.657945942405763,
                    0.52686614211358374,
                    1.9441462150685345
                ]
            }
        },
        {
            "key": 1,
            "value": {
                "rotation": [
                    [
                        0.99208974601923361,
                        -0.011145057410629659,
                        -0.12503488928617651
                    ],
                    [
                        0.015511134266122929,
                        0.999301464137201,
                        0.033999830691118588
                    ],
                    [
                        0.12456861786690482,
                        -0.035670316350716477,
                        0.99156960823442386
                    ]
                ],
                "center": [
                    -1.9613017707568718,
                    0.21991741180961058,
                    0.4821377074633526
                ]
            }
        },
        {
            "key": 2,
            "value": {
                "rotation": [
                    [
                        0.99993286507476664,
                        -0.00072824903954560262,
                        -0.011564384839023882
                    ],
                    [
                        0.00067098756896475655,
                        0.99998750055916086,
                        -0.0049546443994141539
                    ],
                    [
                        0.011567848505704907,
                        0.0049465522112631319,
                        0.99992085511912909
                    ]
                ],
                "center": [
                    0.041483733649581626,
                    0.065067006600331892,
                    -0.23051491123391088
                ]
            }
        },
        {
            "key": 3,
            "value": {
                "rotation": [
                    [
                        0.99744645054681136,
                        0.00018971097823987522,
                        0.071418081053134935
                    ],
                    [
                        -0.002342039385785295,
                        0.99954551791724766,
                        0.03005449156210269
                    ],
                    [
                        -0.071379921147916997,
                        -0.030145009890292066,
                        0.99699357331711591
                    ]
                ],
                "center": [
                    1.2568717390652073,
                    0.037114851620458196,
                    -0.17577571757625216
                ]
            }
        },
        {
            "key": 4,
            "value": {
                "rotation": [
                    [
                        0.97840555484429748,
                        0.0082384739350048874,
                        0.20653013774518397
                    ],
                    [
                        -0.010779288708402441,
                        0.9998793984443396,
                        0.011180138707834408
                    ],
                    [
                        -0.20641312260794692,
                        -0.013164957797416395,
                        0.9783763625013786
                    ]
                ],
                "center": [
                    3.3316697823724342,
                    0.015131250545261703,
                    -0.098731135429311445
                ]
            }
        },
        {
            "key": 5,
            "value": {
                "rotation": [
                    [
                        0.95662317975842437,
                        0.018138044394832055,
                        0.29076296754300107
                    ],
                    [
                        -0.026201901021652631,
                        0.99937179349354821,
                        0.023863753944847757
                    ],
                    [
                        -0.29014746652647633,
                        -0.030447162676016618,
                        0.95649747409663732
                    ]
                ],
                "center": [
                    5.1839060620818138,
                    0.071750522581002882,
                    0.42102429028308586
                ]
            }
        },
        {
            "key": 6,
            "value": {
                "rotation": [
                    [
                        0.92379193708542184,
                        0.02163767153220008,
                        0.38228296868501571
                    ],
                    [
                        -0.032476182419755785,
                        0.99923207992959329,
                        0.021921405406990502
                    ],
                    [
                        -0.38151507775106713,
                        -0.032665908991538956,
                        0.92378524768387249
                    ]
                ],
                "center": [
                    6.686379186782677,
                    0.22337008617694382,
                    1.49462496825272
                ]
            }
        },
        {
            "key": 7,
            "value": {
                "rotation": [
                    [
                        0.84790602200158316,
                        0.032899625094063877,
                        0.52912474192965209
                    ],
                    [
                        -0.078117187882160433,
                        0.99493141750835468,
                        0.063318081242242932
                    ],
                    [
                        -0.52435968839226588,
                        -0.095021519265301543,
                        0.84617836657863088
                    ]
                ],
                "center": [
                    7.7210991788080161,
                    0.49891433794656986,
                    3.4885599249956525
                ]
            }
        },
        {
            "key": 8,
            "value": {
                "rotation": [
                    [
                        0.80059597342735223,
                        0.056365774483299921,
                        0.59654755619213462
                    ],
                    [
                        -0.093799228715161068,
                        0.99508118468898954,
                        0.03186127069653618
                    ],
                    [
                        -0.59181736374015859,
                        -0.081463705690662191,
                        0.80194505586779075
                    ]
                ],
                "center": [
                    8.7539295614722406,
                    0.83672220550822496,
                    5.5901420933588311
                ]
            }
        },
        {
            "key": 9,
            "value": {
                "rotation": [
                    [
                        0.70139694951562159,
                        0.055268581370265454,
                        0.71062486807281022
                    ],
                    [
                        -0.10266103017919574,
                        0.99442714686263523,
                        0.023986714347427121
                    ],
                    [
                        -0.70533894837356526,
                        -0.089777689299497726,
                        0.70316209682498954
                    ]
                ],
                "center": [
                    9.4385460365636007,
                    1.1296819151188735,
                    7.5218775935868809
                ]
            }
        },
        {
            "key": 10,
            "value": {
                "rotation": [
                    [
                        0.66918452892101965,
                        0.131691186904309,
                        0.73133405331933465
                    ],
                    [
                        -0.081158764428015451,
                        0.99123628749796588,
                        -0.1042299251835471
                    ],
                    [
                        -0.73865101449146531,
                        0.010394885231895509,
                        0.67400788211395923
                    ]
                ],
                "center": [
                    9.4425238567436995,
                    1.4581772191427165,
                    9.7004788169186238
                ]
            }
        }
    ],
    "structure": []
}
